140825072742.png 19 33 32 32 20 49 32 32 21 65 32 32 24 81 32 32 26 97 32 32 28 113 32 32 32 129 32 32 41 145 32 32 51 161 32 32 183 33 32 32 183 49 32 32 184 65 32 32 182 81 32 32 180 97 32 32 177 113 32 32 173 129 32 32 164 145 32 32 150 161 32 32
140825073705.png 43 64 32 32 42 80 32 32 41 96 32 32 39 112 32 32 41 128 32 32 41 144 32 32 45 160 32 32 51 176 32 32 64 192 32 32 158 64 32 32 157 80 32 32 154 96 32 32 153 112 32 32 153 128 32 32 153 144 32 32 150 160 32 32 145 176 32 32 135 192 32 32
140825074453.png 28 59 32 32 12 75 32 32 11 91 32 32 15 107 32 32 20 123 32 32 25 139 32 32 33 155 32 32 44 171 32 32 58 187 32 32 152 59 32 32 168 75 32 32 171 91 32 32 173 107 32 32 174 123 32 32 172 139 32 32 167 155 32 32 159 171 32 32 143 187 32 32
140825075117.png 25 38 32 32 20 54 32 32 20 70 32 32 24 86 32 32 27 102 32 32 32 118 32 32 38 134 32 32 48 150 32 32 57 166 32 32 135 38 32 32 143 54 32 32 144 70 32 32 144 86 32 32 143 102 32 32 142 118 32 32 137 134 32 32 131 150 32 32 127 166 32 32
140825082152.png 28 58 32 32 20 74 32 32 20 90 32 32 21 106 32 32 24 122 32 32 30 138 32 32 37 154 32 32 53 170 32 32 75 186 32 32 156 58 32 32 163 74 32 32 162 90 32 32 163 106 32 32 160 122 32 32 154 138 32 32 145 154 32 32 133 170 32 32 116 186 32 32
140825084527.png 27 78 32 32 26 94 32 32 29 110 32 32 36 126 32 32 45 142 32 32 56 158 32 32 80 174 32 32 166 78 32 32 168 94 32 32 164 110 32 32 157 126 32 32 151 142 32 32 143 158 32 32 88 174 32 32
140825091314.png 15 38 32 32 9 54 32 32 10 70 32 32 13 86 32 32 18 102 32 32 21 118 32 32 19 134 32 32 17 150 32 32 23 166 32 32 158 38 32 32 165 54 32 32 164 70 32 32 163 86 32 32 159 102 32 32 160 118 32 32 160 134 32 32 160 150 32 32 154 166 32 32
140825092009.png 22 55 32 32 19 71 32 32 19 87 32 32 23 103 32 32 32 119 32 32 52 135 32 32 158 55 32 32 159 71 32 32 156 87 32 32 150 103 32 32 138 119 32 32 122 135 32 32
140825094844.png 28 54 32 32 20 70 32 32 14 86 32 32 16 102 32 32 17 118 32 32 18 134 32 32 22 150 32 32 33 166 32 32 46 182 32 32 129 54 32 32 140 70 32 32 150 86 32 32 156 102 32 32 156 118 32 32 157 134 32 32 154 150 32 32 149 166 32 32 133 182 32 32
140826070711.png 10 77 32 32 16 93 32 32 25 109 32 32 33 125 32 32 39 141 32 32 46 157 32 32 54 173 32 32 69 189 32 32 161 77 32 32 155 93 32 32 152 109 32 32 149 125 32 32 145 141 32 32 138 157 32 32 132 173 32 32 124 189 32 32
140826070921.png 29 66 32 32 19 82 32 32 18 98 32 32 18 114 32 32 19 130 32 32 24 146 32 32 32 162 32 32 47 178 32 32 99 192 32 32 144 66 32 32 159 82 32 32 165 98 32 32 164 114 32 32 161 130 32 32 160 146 32 32 153 162 32 32 137 178 32 32 115 192 32 32
140826071656.png 53 73 32 32 51 89 32 32 56 105 32 32 60 121 32 32 64 137 32 32 74 153 32 32 79 169 32 32 99 185 32 32 174 73 32 32 177 89 32 32 175 105 32 32 169 121 32 32 164 137 32 32 150 153 32 32 141 169 32 32 127 185 32 32
140826073513.png 49 51 32 32 35 67 32 32 24 83 32 32 21 99 32 32 23 115 32 32 23 131 32 32 26 147 32 32 31 163 32 32 43 179 32 32 140 51 32 32 154 67 32 32 160 83 32 32 161 99 32 32 162 115 32 32 161 131 32 32 160 147 32 32 156 163 32 32 147 179 32 32
140826074236.png 22 72 32 32 24 88 32 32 29 104 32 32 33 120 32 32 35 136 32 32 40 152 32 32 44 168 32 32 52 184 32 32 69 192 32 32 169 72 32 32 169 88 32 32 166 104 32 32 168 120 32 32 166 136 32 32 160 152 32 32 157 168 32 32 151 184 32 32 137 192 32 32
140826075145.png 17 50 32 32 7 66 32 32 5 82 32 32 5 98 32 32 6 114 32 32 6 130 32 32 7 146 32 32 9 162 32 32 16 178 32 32 152 50 32 32 160 66 32 32 166 82 32 32 162 98 32 32 156 114 32 32 154 130 32 32 153 146 32 32 150 162 32 32 145 178 32 32
140826080854.png 39 62 32 32 30 78 32 32 30 94 32 32 32 110 32 32 35 126 32 32 34 142 32 32 38 158 32 32 44 174 32 32 55 190 32 32 144 62 32 32 149 78 32 32 150 94 32 32 148 110 32 32 145 126 32 32 142 142 32 32 135 158 32 32 125 174 32 32 112 190 32 32
140827071018.png 37 53 32 32 29 69 32 32 30 85 32 32 31 101 32 32 34 117 32 32 37 133 32 32 40 149 32 32 44 165 32 32 57 181 32 32 173 53 32 32 175 69 32 32 170 85 32 32 168 101 32 32 168 117 32 32 166 133 32 32 164 149 32 32 162 165 32 32 157 181 32 32
140827071341.png 21 79 32 32 14 95 32 32 14 111 32 32 15 127 32 32 18 143 32 32 20 159 32 32 30 175 32 32 41 191 32 32 158 79 32 32 159 95 32 32 159 111 32 32 159 127 32 32 158 143 32 32 156 159 32 32 149 175 32 32 134 191 32 32
140827071752.png 25 71 32 32 27 87 32 32 28 103 32 32 33 119 32 32 36 135 32 32 41 151 32 32 51 167 32 32 63 183 32 32 77 192 32 32 149 71 32 32 152 87 32 32 153 103 32 32 155 119 32 32 155 135 32 32 152 151 32 32 149 167 32 32 144 183 32 32 130 192 32 32
140827072129.png 24 83 32 32 20 99 32 32 21 115 32 32 19 131 32 32 22 147 32 32 34 163 32 32 47 179 32 32 154 83 32 32 162 99 32 32 163 115 32 32 161 131 32 32 155 147 32 32 144 163 32 32 128 179 32 32
140827073504.png 29 30 32 32 22 46 32 32 21 62 32 32 16 78 32 32 11 94 32 32 9 110 32 32 14 126 32 32 18 142 32 32 22 158 32 32 144 30 32 32 150 46 32 32 155 62 32 32 163 78 32 32 167 94 32 32 167 110 32 32 166 126 32 32 165 142 32 32 159 158 32 32
140827080347.png 5 69 32 32 3 85 32 32 3 101 32 32 4 117 32 32 6 133 32 32 12 149 32 32 20 165 32 32 33 181 32 32 69 192 32 32 155 69 32 32 157 85 32 32 159 101 32 32 160 117 32 32 161 133 32 32 157 149 32 32 153 165 32 32 140 181 32 32 110 192 32 32
140827081234.png 30 59 32 32 21 75 32 32 15 91 32 32 14 107 32 32 13 123 32 32 13 139 32 32 19 155 32 32 31 171 32 32 48 187 32 32 143 59 32 32 149 75 32 32 157 91 32 32 160 107 32 32 159 123 32 32 156 139 32 32 149 155 32 32 140 171 32 32 116 187 32 32
140827082254.png 36 68 32 32 31 84 32 32 31 100 32 32 31 116 32 32 33 132 32 32 35 148 32 32 42 164 32 32 50 180 32 32 62 192 32 32 148 68 32 32 158 84 32 32 160 100 32 32 157 116 32 32 155 132 32 32 151 148 32 32 141 164 32 32 130 180 32 32 116 192 32 32
140827083300.png 40 76 32 32 32 92 32 32 27 108 32 32 23 124 32 32 23 140 32 32 24 156 32 32 31 172 32 32 44 188 32 32 154 76 32 32 169 92 32 32 177 108 32 32 175 124 32 32 171 140 32 32 165 156 32 32 157 172 32 32 144 188 32 32
140827091455.png 30 38 32 32 17 54 32 32 9 70 32 32 7 86 32 32 6 102 32 32 5 118 32 32 7 134 32 32 10 150 32 32 20 166 32 32 156 38 32 32 170 54 32 32 176 70 32 32 177 86 32 32 177 102 32 32 177 118 32 32 172 134 32 32 167 150 32 32 158 166 32 32
140828073135.png 15 59 32 32 5 75 32 32 3 91 32 32 6 107 32 32 8 123 32 32 11 139 32 32 17 155 32 32 31 171 32 32 51 187 32 32 166 59 32 32 169 75 32 32 171 91 32 32 173 107 32 32 173 123 32 32 171 139 32 32 165 155 32 32 154 171 32 32 136 187 32 32
140828073532.png 42 43 32 32 25 59 32 32 20 75 32 32 18 91 32 32 20 107 32 32 22 123 32 32 23 139 32 32 28 155 32 32 37 171 32 32 161 43 32 32 172 59 32 32 175 75 32 32 178 91 32 32 177 107 32 32 177 123 32 32 178 139 32 32 175 155 32 32 166 171 32 32
140828075215.png 34 31 32 32 21 47 32 32 16 63 32 32 15 79 32 32 17 95 32 32 20 111 32 32 23 127 32 32 28 143 32 32 38 159 32 32 153 31 32 32 167 47 32 32 169 63 32 32 163 79 32 32 160 95 32 32 155 111 32 32 155 127 32 32 152 143 32 32 144 159 32 32
140828082728.png 35 69 32 32 30 85 32 32 25 101 32 32 24 117 32 32 23 133 32 32 24 149 32 32 29 165 32 32 35 181 32 32 45 192 32 32 156 69 32 32 166 85 32 32 166 101 32 32 163 117 32 32 161 133 32 32 159 149 32 32 155 165 32 32 150 181 32 32 139 192 32 32
140828085042.png 30 95 32 32 34 111 32 32 37 127 32 32 41 143 32 32 46 159 32 32 52 175 32 32 62 191 32 32 164 95 32 32 163 111 32 32 165 127 32 32 163 143 32 32 161 159 32 32 154 175 32 32 136 191 32 32
140829073805.png 27 49 32 32 27 65 32 32 28 81 32 32 29 97 32 32 33 113 32 32 38 129 32 32 45 145 32 32 57 161 32 32 164 49 32 32 166 65 32 32 168 81 32 32 168 97 32 32 166 113 32 32 160 129 32 32 153 145 32 32 140 161 32 32
140829074446.png 24 58 32 32 10 74 32 32 12 90 32 32 18 106 32 32 23 122 32 32 28 138 32 32 34 154 32 32 42 170 32 32 62 186 32 32 143 58 32 32 159 74 32 32 168 90 32 32 169 106 32 32 170 122 32 32 169 138 32 32 166 154 32 32 155 170 32 32 136 186 32 32
140829074831.png 6 78 32 32 2 94 32 32 2 110 32 32 6 126 32 32 12 142 32 32 23 158 32 32 30 174 32 32 44 190 32 32 184 78 32 32 183 94 32 32 181 110 32 32 176 126 32 32 165 142 32 32 158 158 32 32 146 174 32 32 133 190 32 32
140829075306.png 27 70 32 32 12 86 32 32 7 102 32 32 6 118 32 32 6 134 32 32 7 150 32 32 12 166 32 32 22 182 32 32 41 192 32 32 150 70 32 32 159 86 32 32 163 102 32 32 166 118 32 32 165 134 32 32 163 150 32 32 156 166 32 32 147 182 32 32 126 192 32 32
140829081241.png 14 80 32 32 11 96 32 32 11 112 32 32 11 128 32 32 14 144 32 32 20 160 32 32 30 176 32 32 41 192 32 32 146 80 32 32 155 96 32 32 157 112 32 32 156 128 32 32 155 144 32 32 149 160 32 32 143 176 32 32 129 192 32 32
140829084351.png 33 29 32 32 28 45 32 32 28 61 32 32 28 77 32 32 30 93 32 32 30 109 32 32 35 125 32 32 42 141 32 32 55 157 32 32 161 29 32 32 166 45 32 32 165 61 32 32 165 77 32 32 164 93 32 32 164 109 32 32 160 125 32 32 152 141 32 32 142 157 32 32
140829085304.png 39 21 32 32 35 37 32 32 37 53 32 32 41 69 32 32 44 85 32 32 48 101 32 32 57 117 32 32 67 133 32 32 158 21 32 32 163 37 32 32 161 53 32 32 159 69 32 32 159 85 32 32 158 101 32 32 152 117 32 32 144 133 32 32
140829090254.png 25 39 32 32 25 55 32 32 28 71 32 32 30 87 32 32 32 103 32 32 35 119 32 32 45 135 32 32 154 39 32 32 165 55 32 32 163 71 32 32 160 87 32 32 158 103 32 32 151 119 32 32 137 135 32 32
140829091018.png 32 4 32 32 23 20 32 32 21 36 32 32 21 52 32 32 23 68 32 32 30 84 32 32 38 100 32 32 49 116 32 32 65 132 32 32 159 4 32 32 172 20 32 32 175 36 32 32 175 52 32 32 171 68 32 32 170 84 32 32 163 100 32 32 153 116 32 32 136 132 32 32
140829091429.png 13 36 32 32 7 52 32 32 7 68 32 32 6 84 32 32 7 100 32 32 7 116 32 32 11 132 32 32 19 148 32 32 27 164 32 32 176 36 32 32 183 52 32 32 180 68 32 32 179 84 32 32 178 100 32 32 177 116 32 32 172 132 32 32 164 148 32 32 154 164 32 32
140829091953.png 31 68 32 32 23 84 32 32 29 100 32 32 29 116 32 32 28 132 32 32 30 148 32 32 39 164 32 32 42 180 32 32 61 192 32 32 178 68 32 32 189 84 32 32 182 100 32 32 180 116 32 32 180 132 32 32 176 148 32 32 170 164 32 32 161 180 32 32 134 192 32 32
140829093031.png 16 77 32 32 14 93 32 32 17 109 32 32 25 125 32 32 33 141 32 32 52 157 32 32 154 77 32 32 149 93 32 32 148 109 32 32 142 125 32 32 129 141 32 32 99 157 32 32
140830071851.png 6 61 32 32 8 77 32 32 9 93 32 32 10 109 32 32 12 125 32 32 16 141 32 32 21 157 32 32 27 173 32 32 37 189 32 32 164 61 32 32 163 77 32 32 160 93 32 32 161 109 32 32 162 125 32 32 162 141 32 32 159 157 32 32 155 173 32 32 145 189 32 32
140830072915.png 38 65 32 32 30 81 32 32 29 97 32 32 29 113 32 32 30 129 32 32 35 145 32 32 43 161 32 32 50 177 32 32 60 192 32 32 146 65 32 32 162 81 32 32 164 97 32 32 162 113 32 32 160 129 32 32 155 145 32 32 150 161 32 32 143 177 32 32 130 192 32 32
140830073822.png 34 80 32 32 23 96 32 32 13 112 32 32 12 128 32 32 17 144 32 32 26 160 32 32 40 176 32 32 61 192 32 32 175 80 32 32 186 96 32 32 190 112 32 32 186 128 32 32 179 144 32 32 171 160 32 32 158 176 32 32 133 192 32 32
140830074131.png 32 39 32 32 17 55 32 32 4 71 32 32 2 87 32 32 3 103 32 32 4 119 32 32 7 135 32 32 15 151 32 32 28 167 32 32 143 39 32 32 166 55 32 32 172 71 32 32 173 87 32 32 174 103 32 32 174 119 32 32 173 135 32 32 165 151 32 32 157 167 32 32
140830081752.png 23 87 32 32 12 103 32 32 5 119 32 32 5 135 32 32 8 151 32 32 15 167 32 32 26 183 32 32 46 192 32 32 153 87 32 32 159 103 32 32 164 119 32 32 164 135 32 32 161 151 32 32 156 167 32 32 152 183 32 32 131 192 32 32
140830083826.png 21 40 32 32 18 56 32 32 18 72 32 32 18 88 32 32 19 104 32 32 25 120 32 32 33 136 32 32 40 152 32 32 47 168 32 32 155 40 32 32 160 56 32 32 160 72 32 32 156 88 32 32 151 104 32 32 149 120 32 32 144 136 32 32 137 152 32 32 131 168 32 32
140830091037.png 30 81 32 32 25 97 32 32 29 113 32 32 30 129 32 32 33 145 32 32 41 161 32 32 53 177 32 32 76 192 32 32 171 81 32 32 173 97 32 32 173 113 32 32 172 129 32 32 170 145 32 32 164 161 32 32 154 177 32 32 124 192 32 32
140831071127.png 22 51 32 32 12 67 32 32 7 83 32 32 7 99 32 32 8 115 32 32 11 131 32 32 17 147 32 32 28 163 32 32 43 179 32 32 163 51 32 32 180 67 32 32 189 83 32 32 188 99 32 32 187 115 32 32 185 131 32 32 180 147 32 32 169 163 32 32 156 179 32 32
140831074407.png 24 81 32 32 15 97 32 32 17 113 32 32 23 129 32 32 26 145 32 32 32 161 32 32 43 177 32 32 56 192 32 32 192 81 32 32 192 97 32 32 192 113 32 32 192 129 32 32 188 145 32 32 179 161 32 32 170 177 32 32 150 192 32 32
140831074750.png 18 66 32 32 5 82 32 32 2 98 32 32 2 114 32 32 4 130 32 32 10 146 32 32 16 162 32 32 27 178 32 32 46 192 32 32 147 66 32 32 168 82 32 32 172 98 32 32 174 114 32 32 173 130 32 32 167 146 32 32 159 162 32 32 147 178 32 32 126 192 32 32
140831075759.png 44 65 32 32 34 81 32 32 33 97 32 32 30 113 32 32 28 129 32 32 32 145 32 32 38 161 32 32 47 177 32 32 68 192 32 32 170 65 32 32 184 81 32 32 187 97 32 32 187 113 32 32 186 129 32 32 182 145 32 32 175 161 32 32 162 177 32 32 141 192 32 32
140831080636.png 15 59 32 32 13 75 32 32 11 91 32 32 10 107 32 32 11 123 32 32 13 139 32 32 19 155 32 32 29 171 32 32 46 187 32 32 171 59 32 32 176 75 32 32 177 91 32 32 179 107 32 32 180 123 32 32 178 139 32 32 173 155 32 32 159 171 32 32 141 187 32 32
140831081101.png 36 68 32 32 27 84 32 32 20 100 32 32 16 116 32 32 15 132 32 32 18 148 32 32 29 164 32 32 44 180 32 32 155 68 32 32 165 84 32 32 169 100 32 32 171 116 32 32 170 132 32 32 168 148 32 32 160 164 32 32 144 180 32 32
140831081534.png 34 64 32 32 33 80 32 32 32 96 32 32 31 112 32 32 28 128 32 32 30 144 32 32 37 160 32 32 46 176 32 32 60 192 32 32 178 64 32 32 190 80 32 32 190 96 32 32 191 112 32 32 190 128 32 32 187 144 32 32 182 160 32 32 171 176 32 32 154 192 32 32
140831084532.png 27 67 32 32 19 83 32 32 22 99 32 32 26 115 32 32 29 131 32 32 31 147 32 32 38 163 32 32 46 179 32 32 70 192 32 32 151 67 32 32 157 83 32 32 157 99 32 32 155 115 32 32 154 131 32 32 154 147 32 32 147 163 32 32 136 179 32 32 110 192 32 32
140831085047.png 12 89 32 32 13 105 32 32 15 121 32 32 21 137 32 32 27 153 32 32 37 169 32 32 45 185 32 32 174 89 32 32 173 105 32 32 173 121 32 32 173 137 32 32 167 153 32 32 157 169 32 32 146 185 32 32
140901070318.png 21 58 32 32 9 74 32 32 3 90 32 32 7 106 32 32 7 122 32 32 11 138 32 32 16 154 32 32 24 170 32 32 39 186 32 32 163 58 32 32 168 74 32 32 170 90 32 32 164 106 32 32 167 122 32 32 166 138 32 32 168 154 32 32 162 170 32 32 153 186 32 32
140901070701.png 54 56 32 32 33 72 32 32 26 88 32 32 26 104 32 32 26 120 32 32 27 136 32 32 31 152 32 32 40 168 32 32 45 184 32 32 168 56 32 32 179 72 32 32 180 88 32 32 177 104 32 32 175 120 32 32 173 136 32 32 168 152 32 32 157 168 32 32 148 184 32 32
140901071112.png 41 74 32 32 31 90 32 32 24 106 32 32 22 122 32 32 20 138 32 32 23 154 32 32 32 170 32 32 53 186 32 32 161 74 32 32 169 90 32 32 167 106 32 32 165 122 32 32 163 138 32 32 159 154 32 32 147 170 32 32 127 186 32 32
140901072125.png 28 75 32 32 21 91 32 32 25 107 32 32 30 123 32 32 32 139 32 32 35 155 32 32 42 171 32 32 55 187 32 32 146 75 32 32 151 91 32 32 153 107 32 32 157 123 32 32 159 139 32 32 157 155 32 32 152 171 32 32 138 187 32 32
140901072615.png 28 46 32 32 15 62 32 32 8 78 32 32 4 94 32 32 4 110 32 32 4 126 32 32 6 142 32 32 8 158 32 32 17 174 32 32 148 46 32 32 155 62 32 32 162 78 32 32 168 94 32 32 165 110 32 32 164 126 32 32 161 142 32 32 156 158 32 32 146 174 32 32
140901074046.png 13 80 32 32 13 96 32 32 15 112 32 32 22 128 32 32 31 144 32 32 47 160 32 32 173 80 32 32 172 96 32 32 170 112 32 32 165 128 32 32 154 144 32 32 137 160 32 32
140901074540.png 22 31 32 32 7 47 32 32 0 63 32 32 0 79 32 32 0 95 32 32 2 111 32 32 5 127 32 32 9 143 32 32 12 159 32 32 162 31 32 32 173 47 32 32 183 63 32 32 186 79 32 32 185 95 32 32 185 111 32 32 186 127 32 32 182 143 32 32 178 159 32 32
140901075437.png 19 53 32 32 15 69 32 32 21 85 32 32 23 101 32 32 26 117 32 32 31 133 32 32 35 149 32 32 42 165 32 32 52 181 32 32 154 53 32 32 158 69 32 32 160 85 32 32 160 101 32 32 161 117 32 32 162 133 32 32 157 149 32 32 151 165 32 32 144 181 32 32
140902071342.png 50 22 32 32 38 38 32 32 32 54 32 32 39 70 32 32 41 86 32 32 45 102 32 32 46 118 32 32 50 134 32 32 55 150 32 32 155 22 32 32 161 38 32 32 164 54 32 32 165 70 32 32 166 86 32 32 167 102 32 32 164 118 32 32 160 134 32 32 157 150 32 32
140902072836.png 5 86 32 32 4 102 32 32 7 118 32 32 9 134 32 32 15 150 32 32 23 166 32 32 37 182 32 32 55 192 32 32 163 86 32 32 171 102 32 32 168 118 32 32 167 134 32 32 162 150 32 32 156 166 32 32 139 182 32 32 115 192 32 32
140902075057.png 22 11 32 32 16 27 32 32 13 43 32 32 8 59 32 32 5 75 32 32 3 91 32 32 2 107 32 32 4 123 32 32 10 139 32 32 179 11 32 32 183 27 32 32 185 43 32 32 189 59 32 32 190 75 32 32 191 91 32 32 192 107 32 32 192 123 32 32 187 139 32 32
140902075758.png 27 54 32 32 21 70 32 32 21 86 32 32 21 102 32 32 24 118 32 32 30 134 32 32 40 150 32 32 54 166 32 32 158 54 32 32 168 70 32 32 172 86 32 32 172 102 32 32 173 118 32 32 166 134 32 32 157 150 32 32 142 166 32 32
140902080416.png 24 64 32 32 13 80 32 32 11 96 32 32 12 112 32 32 15 128 32 32 19 144 32 32 27 160 32 32 36 176 32 32 58 192 32 32 158 64 32 32 176 80 32 32 178 96 32 32 178 112 32 32 176 128 32 32 171 144 32 32 162 160 32 32 147 176 32 32 127 192 32 32
140902081622.png 41 66 32 32 24 82 32 32 27 98 32 32 29 114 32 32 31 130 32 32 44 146 32 32 64 162 32 32 140 66 32 32 157 82 32 32 157 98 32 32 159 114 32 32 160 130 32 32 155 146 32 32 138 162 32 32
140902082629.png 16 61 32 32 14 77 32 32 18 93 32 32 17 109 32 32 18 125 32 32 25 141 32 32 34 157 32 32 43 173 32 32 60 189 32 32 157 61 32 32 175 77 32 32 181 93 32 32 180 109 32 32 177 125 32 32 171 141 32 32 164 157 32 32 154 173 32 32 135 189 32 32
140902091603.png 32 46 32 32 21 62 32 32 22 78 32 32 25 94 32 32 30 110 32 32 34 126 32 32 42 142 32 32 47 158 32 32 51 174 32 32 149 46 32 32 155 62 32 32 156 78 32 32 155 94 32 32 155 110 32 32 149 126 32 32 144 142 32 32 141 158 32 32 140 174 32 32
140903071607.png 28 62 32 32 25 78 32 32 22 94 32 32 24 110 32 32 26 126 32 32 30 142 32 32 37 158 32 32 48 174 32 32 65 190 32 32 168 62 32 32 170 78 32 32 170 94 32 32 170 110 32 32 170 126 32 32 165 142 32 32 158 158 32 32 148 174 32 32 131 190 32 32
140903072040.png 35 47 32 32 24 63 32 32 18 79 32 32 16 95 32 32 17 111 32 32 22 127 32 32 26 143 32 32 35 159 32 32 47 175 32 32 149 47 32 32 159 63 32 32 168 79 32 32 172 95 32 32 175 111 32 32 174 127 32 32 170 143 32 32 161 159 32 32 156 175 32 32
140903074034.png 23 71 32 32 19 87 32 32 16 103 32 32 18 119 32 32 20 135 32 32 28 151 32 32 36 167 32 32 54 183 32 32 171 71 32 32 181 87 32 32 182 103 32 32 181 119 32 32 178 135 32 32 170 151 32 32 159 167 32 32 144 183 32 32
140903075521.png 17 44 32 32 13 60 32 32 10 76 32 32 6 92 32 32 4 108 32 32 2 124 32 32 5 140 32 32 11 156 32 32 21 172 32 32 81 44 32 32 187 60 32 32 185 76 32 32 181 92 32 32 180 108 32 32 178 124 32 32 174 140 32 32 168 156 32 32 159 172 32 32
140903080613.png 21 53 32 32 15 69 32 32 13 85 32 32 15 101 32 32 15 117 32 32 17 133 32 32 25 149 32 32 35 165 32 32 47 181 32 32 165 53 32 32 173 69 32 32 173 85 32 32 172 101 32 32 169 117 32 32 164 133 32 32 159 149 32 32 147 165 32 32 133 181 32 32
140903082154.png 4 56 32 32 3 72 32 32 3 88 32 32 5 104 32 32 9 120 32 32 15 136 32 32 23 152 32 32 35 168 32 32 53 184 32 32 179 56 32 32 179 72 32 32 179 88 32 32 179 104 32 32 178 120 32 32 175 136 32 32 167 152 32 32 157 168 32 32 141 184 32 32
140903084823.png 22 0 32 32 9 16 32 32 7 32 32 32 8 48 32 32 8 64 32 32 6 80 32 32 4 96 32 32 3 112 32 32 6 128 32 32 157 0 32 32 162 16 32 32 163 32 32 32 163 48 32 32 161 64 32 32 160 80 32 32 160 96 32 32 160 112 32 32 158 128 32 32
140903085830.png 47 51 32 32 44 67 32 32 47 83 32 32 47 99 32 32 48 115 32 32 47 131 32 32 49 147 32 32 54 163 32 32 61 179 32 32 159 51 32 32 169 67 32 32 170 83 32 32 170 99 32 32 171 115 32 32 172 131 32 32 169 147 32 32 163 163 32 32 155 179 32 32
140903091044.png 20 66 32 32 8 82 32 32 2 98 32 32 4 114 32 32 6 130 32 32 13 146 32 32 23 162 32 32 31 178 32 32 48 192 32 32 148 66 32 32 152 82 32 32 155 98 32 32 158 114 32 32 157 130 32 32 155 146 32 32 149 162 32 32 138 178 32 32 122 192 32 32
140904070538.png 43 1 32 32 42 17 32 32 42 33 32 32 44 49 32 32 45 65 32 32 47 81 32 32 46 97 32 32 46 113 32 32 48 129 32 32 157 1 32 32 158 17 32 32 157 33 32 32 153 49 32 32 152 65 32 32 151 81 32 32 150 97 32 32 148 113 32 32 146 129 32 32
140904071228.png 16 59 32 32 12 75 32 32 10 91 32 32 8 107 32 32 10 123 32 32 14 139 32 32 21 155 32 32 30 171 32 32 44 187 32 32 184 59 32 32 186 75 32 32 185 91 32 32 186 107 32 32 184 123 32 32 179 139 32 32 172 155 32 32 166 171 32 32 152 187 32 32
140904073804.png 32 4 32 32 23 20 32 32 13 36 32 32 12 52 32 32 11 68 32 32 11 84 32 32 11 100 32 32 13 116 32 32 17 132 32 32 160 4 32 32 168 20 32 32 175 36 32 32 173 52 32 32 173 68 32 32 172 84 32 32 171 100 32 32 168 116 32 32 165 132 32 32
140904080713.png 30 57 32 32 25 73 32 32 23 89 32 32 21 105 32 32 18 121 32 32 16 137 32 32 21 153 32 32 26 169 32 32 40 185 32 32 157 57 32 32 177 73 32 32 179 89 32 32 177 105 32 32 174 121 32 32 173 137 32 32 169 153 32 32 162 169 32 32 152 185 32 32
140904083234.png 23 70 32 32 18 86 32 32 16 102 32 32 17 118 32 32 20 134 32 32 26 150 32 32 35 166 32 32 49 182 32 32 166 70 32 32 168 86 32 32 167 102 32 32 166 118 32 32 161 134 32 32 154 150 32 32 145 166 32 32 134 182 32 32
140904083804.png 13 67 32 32 14 83 32 32 15 99 32 32 17 115 32 32 20 131 32 32 30 147 32 32 37 163 32 32 53 179 32 32 72 192 32 32 160 67 32 32 165 83 32 32 167 99 32 32 166 115 32 32 162 131 32 32 157 147 32 32 150 163 32 32 142 179 32 32 124 192 32 32
140904090318.png 24 2 32 32 17 18 32 32 17 34 32 32 18 50 32 32 20 66 32 32 22 82 32 32 25 98 32 32 29 114 32 32 36 130 32 32 151 2 32 32 159 18 32 32 158 34 32 32 154 50 32 32 153 66 32 32 154 82 32 32 153 98 32 32 150 114 32 32 145 130 32 32
140904091614.png 0 0 32 32 0 16 32 32 0 32 32 32 0 48 32 32 0 64 32 32 0 80 32 32 3 96 32 32 8 112 32 32 17 128 32 32 192 0 32 32 192 16 32 32 192 32 32 32 192 48 32 32 189 64 32 32 189 80 32 32 188 96 32 32 188 112 32 32 182 128 32 32
140904092406.png 23 0 32 32 24 16 32 32 18 32 32 32 22 48 32 32 26 64 32 32 30 80 32 32 36 96 32 32 43 112 32 32 55 128 32 32 162 0 32 32 170 16 32 32 175 32 32 32 177 48 32 32 180 64 32 32 178 80 32 32 173 96 32 32 166 112 32 32 158 128 32 32
140905071229.png 47 25 32 32 40 41 32 32 34 57 32 32 33 73 32 32 32 89 32 32 34 105 32 32 34 121 32 32 38 137 32 32 45 153 32 32 176 25 32 32 186 41 32 32 191 57 32 32 191 73 32 32 192 89 32 32 192 105 32 32 192 121 32 32 192 137 32 32 189 153 32 32
140905072759.png 24 43 32 32 21 59 32 32 20 75 32 32 20 91 32 32 20 107 32 32 20 123 32 32 19 139 32 32 22 155 32 32 28 171 32 32 156 43 32 32 160 59 32 32 158 75 32 32 156 91 32 32 155 107 32 32 154 123 32 32 154 139 32 32 148 155 32 32 141 171 32 32
140905073114.png 9 73 32 32 0 89 32 32 0 105 32 32 0 121 32 32 2 137 32 32 11 153 32 32 21 169 32 32 38 185 32 32 181 73 32 32 189 89 32 32 185 105 32 32 182 121 32 32 175 137 32 32 166 153 32 32 152 169 32 32 136 185 32 32
140905075855.png 31 32 32 32 5 48 32 32 0 64 32 32 0 80 32 32 0 96 32 32 3 112 32 32 9 128 32 32 16 144 32 32 25 160 32 32 149 32 32 32 160 48 32 32 161 64 32 32 161 80 32 32 159 96 32 32 155 112 32 32 148 128 32 32 140 144 32 32 131 160 32 32
140905080243.png 19 58 32 32 20 74 32 32 25 90 32 32 31 106 32 32 37 122 32 32 45 138 32 32 53 154 32 32 63 170 32 32 73 186 32 32 157 58 32 32 152 74 32 32 151 90 32 32 149 106 32 32 146 122 32 32 142 138 32 32 138 154 32 32 134 170 32 32 132 186 32 32
140905080808.png 14 77 32 32 6 93 32 32 4 109 32 32 6 125 32 32 10 141 32 32 22 157 32 32 31 173 32 32 51 189 32 32 163 77 32 32 174 93 32 32 175 109 32 32 176 125 32 32 174 141 32 32 166 157 32 32 156 173 32 32 142 189 32 32
140905081746.png 30 9 32 32 28 25 32 32 28 41 32 32 27 57 32 32 26 73 32 32 26 89 32 32 27 105 32 32 31 121 32 32 36 137 32 32 166 9 32 32 173 25 32 32 173 41 32 32 173 57 32 32 174 73 32 32 171 89 32 32 169 105 32 32 163 121 32 32 157 137 32 32
140906071358.png 13 0 32 32 9 16 32 32 9 32 32 32 11 48 32 32 13 64 32 32 15 80 32 32 19 96 32 32 23 112 32 32 26 128 32 32 163 0 32 32 162 16 32 32 160 32 32 32 158 48 32 32 156 64 32 32 153 80 32 32 150 96 32 32 146 112 32 32 142 128 32 32
140906072157.png 24 77 32 32 17 93 32 32 14 109 32 32 19 125 32 32 20 141 32 32 23 157 32 32 29 173 32 32 41 189 32 32 60 192 32 32 151 77 32 32 164 93 32 32 168 109 32 32 169 125 32 32 168 141 32 32 166 157 32 32 159 173 32 32 151 189 32 32 129 192 32 32
140906073225.png 35 1 32 32 29 17 32 32 25 33 32 32 23 49 32 32 23 65 32 32 22 81 32 32 20 97 32 32 20 113 32 32 22 129 32 32 171 1 32 32 179 17 32 32 179 33 32 32 178 49 32 32 178 65 32 32 178 81 32 32 176 97 32 32 174 113 32 32 171 129 32 32
140906073747.png 33 10 32 32 23 26 32 32 14 42 32 32 10 58 32 32 10 74 32 32 9 90 32 32 7 106 32 32 6 122 32 32 11 138 32 32 157 10 32 32 172 26 32 32 180 42 32 32 184 58 32 32 185 74 32 32 185 90 32 32 184 106 32 32 184 122 32 32 180 138 32 32
140906074207.png 17 32 32 32 5 48 32 32 4 64 32 32 8 80 32 32 8 96 32 32 10 112 32 32 13 128 32 32 20 144 32 32 31 160 32 32 152 32 32 32 154 48 32 32 152 64 32 32 151 80 32 32 151 96 32 32 148 112 32 32 147 128 32 32 141 144 32 32 129 160 32 32
140906074626.png 35 76 32 32 31 92 32 32 35 108 32 32 39 124 32 32 42 140 32 32 48 156 32 32 56 172 32 32 72 188 32 32 160 76 32 32 167 92 32 32 170 108 32 32 172 124 32 32 170 140 32 32 166 156 32 32 158 172 32 32 144 188 32 32
140906075857.png 7 50 32 32 5 66 32 32 5 82 32 32 5 98 32 32 5 114 32 32 11 130 32 32 17 146 32 32 30 162 32 32 41 178 32 32 191 50 32 32 192 66 32 32 192 82 32 32 192 98 32 32 189 114 32 32 183 130 32 32 177 146 32 32 170 162 32 32 163 178 32 32
140906080427.png 0 0 32 32 0 16 32 32 0 32 32 32 1 48 32 32 6 64 32 32 9 80 32 32 13 96 32 32 19 112 32 32 26 128 32 32 192 0 32 32 192 16 32 32 192 32 32 32 192 48 32 32 191 64 32 32 188 80 32 32 185 96 32 32 182 112 32 32 177 128 32 32
140909070801.png 38 60 32 32 25 76 32 32 20 92 32 32 19 108 32 32 17 124 32 32 17 140 32 32 23 156 32 32 33 172 32 32 43 188 32 32 155 60 32 32 170 76 32 32 174 92 32 32 177 108 32 32 180 124 32 32 181 140 32 32 176 156 32 32 167 172 32 32 153 188 32 32
140909071953.png 40 1 32 32 33 17 32 32 30 33 32 32 28 49 32 32 27 65 32 32 27 81 32 32 27 97 32 32 29 113 32 32 32 129 32 32 154 1 32 32 160 17 32 32 160 33 32 32 159 49 32 32 157 65 32 32 158 81 32 32 156 97 32 32 150 113 32 32 143 129 32 32
140909074012.png 32 78 32 32 32 94 32 32 33 110 32 32 36 126 32 32 38 142 32 32 45 158 32 32 59 174 32 32 82 190 32 32 159 78 32 32 165 94 32 32 165 110 32 32 167 126 32 32 165 142 32 32 161 158 32 32 152 174 32 32 132 190 32 32
140909075009.png 45 46 32 32 39 62 32 32 39 78 32 32 43 94 32 32 48 110 32 32 53 126 32 32 62 142 32 32 73 158 32 32 97 174 32 32 143 46 32 32 147 62 32 32 149 78 32 32 147 94 32 32 148 110 32 32 145 126 32 32 140 142 32 32 136 158 32 32 118 174 32 32
140909075318.png 21 62 32 32 7 78 32 32 0 94 32 32 0 110 32 32 0 126 32 32 0 142 32 32 0 158 32 32 5 174 32 32 17 190 32 32 129 62 32 32 141 78 32 32 152 94 32 32 156 110 32 32 156 126 32 32 156 142 32 32 154 158 32 32 147 174 32 32 138 190 32 32
140909081209.png 27 39 32 32 14 55 32 32 11 71 32 32 10 87 32 32 8 103 32 32 10 119 32 32 12 135 32 32 16 151 32 32 25 167 32 32 142 39 32 32 151 55 32 32 160 71 32 32 165 87 32 32 167 103 32 32 169 119 32 32 167 135 32 32 164 151 32 32 159 167 32 32
140909083337.png 30 27 32 32 29 43 32 32 31 59 32 32 34 75 32 32 35 91 32 32 38 107 32 32 41 123 32 32 50 139 32 32 148 27 32 32 153 43 32 32 152 59 32 32 146 75 32 32 144 91 32 32 140 107 32 32 133 123 32 32 121 139 32 32
140909084907.png 27 69 32 32 17 85 32 32 10 101 32 32 10 117 32 32 12 133 32 32 17 149 32 32 25 165 32 32 37 181 32 32 61 192 32 32 139 69 32 32 148 85 32 32 152 101 32 32 155 117 32 32 155 133 32 32 151 149 32 32 145 165 32 32 134 181 32 32 114 192 32 32
140910071154.png 41 39 32 32 33 55 32 32 24 71 32 32 22 87 32 32 22 103 32 32 23 119 32 32 25 135 32 32 29 151 32 32 35 167 32 32 149 39 32 32 160 55 32 32 165 71 32 32 165 87 32 32 165 103 32 32 164 119 32 32 159 135 32 32 156 151 32 32 147 167 32 32
140910072524.png 19 74 32 32 15 90 32 32 16 106 32 32 18 122 32 32 19 138 32 32 21 154 32 32 30 170 32 32 44 186 32 32 69 192 32 32 157 74 32 32 159 90 32 32 163 106 32 32 166 122 32 32 167 138 32 32 166 154 32 32 160 170 32 32 149 186 32 32 122 192 32 32
140910072828.png 26 83 32 32 26 99 32 32 28 115 32 32 30 131 32 32 37 147 32 32 46 163 32 32 57 179 32 32 167 83 32 32 167 99 32 32 166 115 32 32 162 131 32 32 158 147 32 32 152 163 32 32 141 179 32 32
140910073725.png 36 78 32 32 27 94 32 32 25 110 32 32 24 126 32 32 25 142 32 32 28 158 32 32 36 174 32 32 50 190 32 32 154 78 32 32 165 94 32 32 165 110 32 32 163 126 32 32 162 142 32 32 159 158 32 32 152 174 32 32 137 190 32 32
140910075214.png 15 87 32 32 19 103 32 32 21 119 32 32 22 135 32 32 25 151 32 32 28 167 32 32 36 183 32 32 61 192 32 32 184 87 32 32 180 103 32 32 173 119 32 32 168 135 32 32 166 151 32 32 160 167 32 32 153 183 32 32 131 192 32 32
140910075631.png 18 60 32 32 19 76 32 32 20 92 32 32 21 108 32 32 23 124 32 32 25 140 32 32 29 156 32 32 37 172 32 32 51 188 32 32 156 60 32 32 160 76 32 32 159 92 32 32 158 108 32 32 160 124 32 32 160 140 32 32 155 156 32 32 149 172 32 32 135 188 32 32
140910080614.png 25 47 32 32 25 63 32 32 27 79 32 32 30 95 32 32 34 111 32 32 38 127 32 32 42 143 32 32 48 159 32 32 55 175 32 32 184 47 32 32 183 63 32 32 182 79 32 32 180 95 32 32 176 111 32 32 172 127 32 32 165 143 32 32 159 159 32 32 152 175 32 32
140910081821.png 37 64 32 32 31 80 32 32 31 96 32 32 36 112 32 32 43 128 32 32 53 144 32 32 64 160 32 32 109 176 32 32 162 64 32 32 166 80 32 32 165 96 32 32 166 112 32 32 158 128 32 32 151 144 32 32 147 160 32 32 113 176 32 32
140910082046.png 59 118 32 32 59 134 32 32 61 150 32 32 66 166 32 32 75 182 32 32 93 192 32 32 173 118 32 32 173 134 32 32 170 150 32 32 168 166 32 32 161 182 32 32 142 192 32 32
140910082406.png 14 85 32 32 4 101 32 32 5 117 32 32 8 133 32 32 14 149 32 32 23 165 32 32 34 181 32 32 57 192 32 32 152 85 32 32 166 101 32 32 168 117 32 32 168 133 32 32 162 149 32 32 157 165 32 32 143 181 32 32 116 192 32 32
140910083516.png 32 79 32 32 28 95 32 32 29 111 32 32 27 127 32 32 27 143 32 32 34 159 32 32 44 175 32 32 60 191 32 32 155 79 32 32 169 95 32 32 170 111 32 32 166 127 32 32 164 143 32 32 162 159 32 32 154 175 32 32 140 191 32 32
140911074246.png 37 73 32 32 25 89 32 32 26 105 32 32 30 121 32 32 39 137 32 32 49 153 32 32 64 169 32 32 161 73 32 32 172 89 32 32 174 105 32 32 170 121 32 32 161 137 32 32 149 153 32 32 130 169 32 32
140911075718.png 21 80 32 32 11 96 32 32 11 112 32 32 13 128 32 32 16 144 32 32 21 160 32 32 31 176 32 32 47 192 32 32 133 80 32 32 141 96 32 32 142 112 32 32 144 128 32 32 146 144 32 32 143 160 32 32 138 176 32 32 125 192 32 32
140911075933.png 35 95 32 32 20 111 32 32 14 127 32 32 16 143 32 32 21 159 32 32 32 175 32 32 51 191 32 32 166 95 32 32 173 111 32 32 173 127 32 32 171 143 32 32 167 159 32 32 158 175 32 32 140 191 32 32
140911080507.png 39 11 32 32 27 27 32 32 23 43 32 32 23 59 32 32 24 75 32 32 25 91 32 32 28 107 32 32 32 123 32 32 38 139 32 32 156 11 32 32 164 27 32 32 169 43 32 32 172 59 32 32 173 75 32 32 174 91 32 32 173 107 32 32 168 123 32 32 162 139 32 32
140911081318.png 37 60 32 32 26 76 32 32 28 92 32 32 33 108 32 32 38 124 32 32 47 140 32 32 56 156 32 32 67 172 32 32 158 60 32 32 158 76 32 32 157 92 32 32 156 108 32 32 154 124 32 32 152 140 32 32 144 156 32 32 131 172 32 32
140911081808.png 9 89 32 32 5 105 32 32 4 121 32 32 8 137 32 32 19 153 32 32 33 169 32 32 57 185 32 32 151 89 32 32 151 105 32 32 150 121 32 32 145 137 32 32 136 153 32 32 120 169 32 32 86 185 32 32
140911082242.png 42 69 32 32 33 85 32 32 27 101 32 32 26 117 32 32 33 133 32 32 38 149 32 32 45 165 32 32 54 181 32 32 74 192 32 32 158 69 32 32 168 85 32 32 173 101 32 32 172 117 32 32 171 133 32 32 166 149 32 32 160 165 32 32 149 181 32 32 132 192 32 32
140911082640.png 33 78 32 32 26 94 32 32 18 110 32 32 20 126 32 32 22 142 32 32 24 158 32 32 32 174 32 32 50 190 32 32 151 78 32 32 154 94 32 32 157 110 32 32 159 126 32 32 161 142 32 32 159 158 32 32 150 174 32 32 134 190 32 32
140911083107.png 35 6 32 32 30 22 32 32 26 38 32 32 25 54 32 32 26 70 32 32 28 86 32 32 31 102 32 32 37 118 32 32 49 134 32 32 169 6 32 32 175 22 32 32 174 38 32 32 170 54 32 32 168 70 32 32 168 86 32 32 166 102 32 32 162 118 32 32 152 134 32 32
140911085040.png 27 69 32 32 20 85 32 32 20 101 32 32 25 117 32 32 28 133 32 32 31 149 32 32 40 165 32 32 47 181 32 32 60 192 32 32 160 69 32 32 171 85 32 32 172 101 32 32 171 117 32 32 170 133 32 32 167 149 32 32 162 165 32 32 154 181 32 32 143 192 32 32
